
name =

computedIUXWRMXC-0-astig-axis-60-WF


name =

computedIUXWRMXC-0-astig-axis-60-PSF


name =

computedIUXWRMXC-10-astig-axis-60-WF


name =

computedIUXWRMXC-10-astig-axis-60-PSF


name =

computedIUXWRMXC-20-astig-axis-60-WF


name =

computedIUXWRMXC-20-astig-axis-60-PSF

computedIUXWRMXC
0.0
0.0
0.047366377
1.5341178179
1.0403277874
-0.1315343231
0.1253920346
-0.1283035427
-0.1789723635
-0.1706345081
0.020591544
0.234643355
-0.0611184053
0.0047863624
0.0215230472
-0.0193111803
0.0235121883
0.0710711628
0.047312323
0.0673735365
-0.0323147736
0.064854756
0.0245524663
-0.0638914704
-0.0040602866
-0.0073010898
-0.0256953668
-0.0412479416
-0.0181085188
-0.0408881865
0.0137719531
0.0052619088
-0.0098810829
-0.0125524886
-0.0101035321
0.0456448458
0.0069079306
0.0004285295
-0.0040268316
-0.0165916886
0.0062311217
-0.0015165419
0.0198954269
-0.007434288
0.0033153112
0.0150837265
0.0034243225
0.0254619624
-0.0071133813
-0.0059056641
0.0070304521
0.0005629266
-0.001816813
-0.0090771262
0.022608595
-0.014671036
-0.0060395412
-0.0082153864
-0.0054020374
0.0017471885
-0.0047664507
0.0069672284
-0.0080200126
-0.0027159471
-0.0025995621
6.0
6.0
0.6141
550.0
256.0
20.0
20.0
1
1
0
0
0
0
[Ljava.lang.Object;@5808b672
[Ljava.lang.Object;@5808b672
